ncols	18
nrows	27
xllcorner	385000.0
yllcorner	442000.0
cellsize	1000
NODATA_value	-9999
28198 28198 28198 28198 28198 28199 28199 28199 28199 28199 28200 28200 28200 28200 28200 28201 28201 28201
28198 28198 28198 28198 28198 28199 28199 28199 28199 28199 28200 28200 28200 28200 28200 28201 28201 28201
28198 28198 28198 28198 28198 28199 28199 28199 28199 28199 28200 28200 28200 28200 28200 28201 28201 28201
28198 28198 28198 28198 28198 28199 28199 28199 28199 28199 28200 28200 28200 28200 28200 28201 28201 28201
28378 28378 28378 28378 28378 28379 28379 28379 28379 28379 28380 28380 28380 28380 28380 28381 28381 28381
28378 28378 28378 28378 28378 28379 28379 28379 28379 28379 28380 28380 28380 28380 28380 28381 28381 28381
28378 28378 28378 28378 28378 28379 28379 28379 28379 28379 28380 28380 28380 28380 28380 28381 28381 28381
28378 28378 28378 28378 28378 28379 28379 28379 28379 28379 28380 28380 28380 28380 28380 28381 28381 28381
28378 28378 28378 28378 28378 28379 28379 28379 28379 28379 28380 28380 28380 28380 28380 28381 28381 28381
28558 28558 28558 28558 28558 28559 28559 28559 28559 28559 28560 28560 28560 28560 28560 28561 28561 28561
28558 28558 28558 28558 28558 28559 28559 28559 28559 28559 28560 28560 28560 28560 28560 28561 28561 28561
28558 28558 28558 28558 28558 28559 28559 28559 28559 28559 28560 28560 28560 28560 28560 28561 28561 28561
28558 28558 28558 28558 28558 28559 28559 28559 28559 28559 28560 28560 28560 28560 28560 28561 28561 28561
28558 28558 28558 28558 28558 28559 28559 28559 28559 28559 28560 28560 28560 28560 28560 28561 28561 28561
28738 28738 28738 28738 28738 28739 28739 28739 28739 28739 28740 28740 28740 28740 28740 28741 28741 28741
28738 28738 28738 28738 28738 28739 28739 28739 28739 28739 28740 28740 28740 28740 28740 28741 28741 28741
28738 28738 28738 28738 28738 28739 28739 28739 28739 28739 28740 28740 28740 28740 28740 28741 28741 28741
28738 28738 28738 28738 28738 28739 28739 28739 28739 28739 28740 28740 28740 28740 28740 28741 28741 28741
28738 28738 28738 28738 28738 28739 28739 28739 28739 28739 28740 28740 28740 28740 28740 28741 28741 28741
28918 28918 28918 28918 28918 28919 28919 28919 28919 28919 28920 28920 28920 28920 28920 28921 28921 28921
28918 28918 28918 28918 28918 28919 28919 28919 28919 28919 28920 28920 28920 28920 28920 28921 28921 28921
28918 28918 28918 28918 28918 28919 28919 28919 28919 28919 28920 28920 28920 28920 28920 28921 28921 28921
28918 28918 28918 28918 28918 28919 28919 28919 28919 28919 28920 28920 28920 28920 28920 28921 28921 28921
28918 28918 28918 28918 28918 28919 28919 28919 28919 28919 28920 28920 28920 28920 28920 28921 28921 28921
29098 29098 29098 29098 29098 29099 29099 29099 29099 29099 29100 29100 29100 29100 29100 29101 29101 29101
29098 29098 29098 29098 29098 29099 29099 29099 29099 29099 29100 29100 29100 29100 29100 29101 29101 29101
29098 29098 29098 29098 29098 29099 29099 29099 29099 29099 29100 29100 29100 29100 29100 29101 29101 29101
